time:                50000 index:           0 input:          0          0          0          0          0          0          0          0
time:                70000 index:           1 input:          0          1          2          3          4          5          6          7
time:                90000 index:           2 input:          8          9         10         11         12         13         14         15
time:               110000 index:           3 input:         16         17         18         19         20         21         22         23
time:               130000 index:           4 input:         24         25         26         27         28         29         30         31
time:               150000 index:           5 input:         32         33         34         35         36         37         38         39
time:               170000 index:           6 input:         40         41         42         43         44         45         46         47
time:               190000 index:           7 input:         48         49         50         51         52         53         54         55
time:               210000 index:           8 input:         56         57         58         59         60         61         62         63
time:               230000 index:           9 input:         64         65         66         67         68         69         70         71
time:               250000 index:          10 input:         72         73         74         75         76         77         78         79
time:               270000 index:          11 input:         80         81         82         83         84         85         86         87
time:               290000 index:          12 input:         88         89         90         91         92         93         94         95
time:               310000 index:          13 input:         96         97         98         99        100        101        102        103
time:               330000 index:          14 input:        104        105        106        107        108        109        110        111
time:               350000 index:          15 input:        112        113        114        115        116        117        118        119
time:               370000 index:          16 input:        120        121        122        123        124        125        126        127
time:               390000 index:          17 input:        128        129        130        131        132        133        134        135
time:               410000 index:          18 input:        136        137        138        139        140        141        142        143
time:               430000 index:          19 input:        144        145        146        147        148        149        150        151
time:               450000 index:          20 input:        152        153        154        155        156        157        158        159
time:               470000 index:          21 input:        160        161        162        163        164        165        166        167
time:               490000 index:          22 input:        168        169        170        171        172        173        174        175
time:               510000 index:          23 input:        176        177        178        179        180        181        182        183
time:               530000 index:          24 input:        184        185        186        187        188        189        190        191
time:               550000 index:          25 input:        192        193        194        195        196        197        198        199
time:               570000 index:          26 input:        200        201        202        203        204        205        206        207
time:               590000 index:          27 input:        208        209        210        211        212        213        214        215
time:               610000 index:          28 input:        216        217        218        219        220        221        222        223
time:               630000 index:          29 input:        224        225        226        227        228        229        230        231
time:               650000 index:          30 input:        232        233        234        235        236        237        238        239
time:               670000 index:          31 input:        240        241        242        243        244        245        246        247
time:               690000 index:          32 input:        248        249        250        251        252        253        254        255
time:               710000 index:          33 input:        256        257        258        259        260        261        262        263
time:               730000 index:          34 input:        264        265        266        267        268        269        270        271
time:               750000 index:          35 input:        272        273        274        275        276        277        278        279
time:               770000 index:          36 input:        280        281        282        283        284        285        286        287
time:               790000 index:          37 input:        288        289        290        291        292        293        294        295
time:               810000 index:          38 input:        296        297        298        299        300        301        302        303
time:               830000 index:          39 input:        304        305        306        307        308        309        310        311
time:               850000 index:          40 input:        312        313        314        315        316        317        318        319
time:               870000 index:          41 input:        320        321        322        323        324        325        326        327
time:               890000 index:          42 input:        328        329        330        331        332        333        334        335
time:               910000 index:          43 input:        336        337        338        339        340        341        342        343
time:               930000 index:          44 input:        344        345        346        347        348        349        350        351
time:               950000 index:          45 input:        352        353        354        355        356        357        358        359
time:               970000 index:          46 input:        360        361        362        363        364        365        366        367
time:               990000 index:          47 input:        368        369        370        371        372        373        374        375
time:              1010000 index:          48 input:        376        377        378        379        380        381        382        383
time:              1030000 index:          49 input:        384        385        386        387        388        389        390        391
time:              1050000 index:          50 input:        392        393        394        395        396        397        398        399
time:              1070000 index:          51 input:        400        401        402        403        404        405        406        407
time:              1090000 index:          52 input:        408        409        410        411        412        413        414        415
time:              1110000 index:          53 input:        416        417        418        419        420        421        422        423
time:              1130000 index:          54 input:        424        425        426        427        428        429        430        431
time:              1150000 index:          55 input:        432        433        434        435        436        437        438        439
time:              1170000 index:          56 input:        440        441        442        443        444        445        446        447
time:              1190000 index:          57 input:        448        449        450        451        452        453        454        455
time:              1210000 index:          58 input:        456        457        458        459        460        461        462        463
time:              1230000 index:          59 input:        464        465        466        467        468        469        470        471
time:              1250000 index:          60 input:        472        473        474        475        476        477        478        479
time:              1270000 index:          61 input:        480        481        482        483        484        485        486        487
time:              1290000 index:          62 input:        488        489        490        491        492        493        494        495
time:              1310000 index:          63 input:        496        497        498        499        500        501        502        503
time:              1330000 index:          64 input:        504        505        506        507        508        509        510        511
time:              1350000 index:          65 input:        512        513        514        515        516        517        518        519
time:              1370000 index:          66 input:        520        521        522        523        524        525        526        527
time:              1390000 index:          67 input:        528        529        530        531        532        533        534        535
time:              1410000 index:          68 input:        536        537        538        539        540        541        542        543
time:              1430000 index:          69 input:        544        545        546        547        548        549        550        551
time:              1450000 index:          70 input:        552        553        554        555        556        557        558        559
time:              1470000 index:          71 input:        560        561        562        563        564        565        566        567
time:              1490000 index:          72 input:        568        569        570        571        572        573        574        575
time:              1510000 index:          73 input:        576        577        578        579        580        581        582        583
time:              1530000 index:          74 input:        584        585        586        587        588        589        590        591
time:              1550000 index:          75 input:        592        593        594        595        596        597        598        599
time:              1570000 index:          76 input:        600        601        602        603        604        605        606        607
time:              1590000 index:          77 input:        608        609        610        611        612        613        614        615
time:              1610000 index:          78 input:        616        617        618        619        620        621        622        623
time:              1630000 index:          79 input:        624        625        626        627        628        629        630        631
time:              1650000 index:          80 input:        632        633        634        635        636        637        638        639
time:              1670000 index:          81 input:        640        641        642        643        644        645        646        647
time:              1690000 index:          82 input:        648        649        650        651        652        653        654        655
time:              1710000 index:          83 input:        656        657        658        659        660        661        662        663
time:              1730000 index:          84 input:        664        665        666        667        668        669        670        671
time:              1750000 index:          85 input:        672        673        674        675        676        677        678        679
time:              1770000 index:          86 input:        680        681        682        683        684        685        686        687
time:              1790000 index:          87 input:        688        689        690        691        692        693        694        695
time:              1810000 index:          88 input:        696        697        698        699        700        701        702        703
time:              1830000 index:          89 input:        704        705        706        707        708        709        710        711
time:              1850000 index:          90 input:        712        713        714        715        716        717        718        719
time:              1870000 index:          91 input:        720        721        722        723        724        725        726        727
time:              1890000 index:          92 input:        728        729        730        731        732        733        734        735
time:              1910000 index:          93 input:        736        737        738        739        740        741        742        743
time:              1930000 index:          94 input:        744        745        746        747        748        749        750        751
time:              1950000 index:          95 input:        752        753        754        755        756        757        758        759
time:              1970000 index:          96 input:        760        761        762        763        764        765        766        767
time:              1990000 index:          97 input:        768        769        770        771        772        773        774        775
time:              2010000 index:          98 input:        776        777        778        779        780        781        782        783
time:              2030000 index:          99 input:        784        785        786        787        788        789        790        791
time:              2050000 index:         100 input:        792        793        794        795        796        797        798        799
time:              2070000 index:         101 input:        800        801        802        803        804        805        806        807
time:              2090000 index:         102 input:        808        809        810        811        812        813        814        815
time:              2110000 index:         103 input:        816        817        818        819        820        821        822        823
time:              2130000 index:         104 input:        824        825        826        827        828        829        830        831
time:              2150000 index:         105 input:        832        833        834        835        836        837        838        839
time:              2170000 index:         106 input:        840        841        842        843        844        845        846        847
time:              2190000 index:         107 input:        848        849        850        851        852        853        854        855
time:              2210000 index:         108 input:        856        857        858        859        860        861        862        863
time:              2230000 index:         109 input:        864        865        866        867        868        869        870        871
time:              2250000 index:         110 input:        872        873        874        875        876        877        878        879
time:              2270000 index:         111 input:        880        881        882        883        884        885        886        887
time:              2290000 index:         112 input:        888        889        890        891        892        893        894        895
time:              2310000 index:         113 input:        896        897        898        899        900        901        902        903
time:              2330000 index:         114 input:        904        905        906        907        908        909        910        911
time:              2350000 index:         115 input:        912        913        914        915        916        917        918        919
time:              2370000 index:         116 input:        920        921        922        923        924        925        926        927
time:              2390000 index:         117 input:        928        929        930        931        932        933        934        935
time:              2410000 index:         118 input:        936        937        938        939        940        941        942        943
time:              2430000 index:         119 input:        944        945        946        947        948        949        950        951
time:              2450000 index:         120 input:        952        953        954        955        956        957        958        959
time:              2470000 index:         121 input:        960        961        962        963        964        965        966        967
time:              2490000 index:         122 input:        968        969        970        971        972        973        974        975
time:              2510000 index:         123 input:        976        977        978        979        980        981        982        983
time:              2530000 index:         124 input:        984        985        986        987        988        989        990        991
time:              2550000 index:         125 input:        992        993        994        995        996        997        998        999
time:              2570000 index:         126 input:       1000       1001       1002       1003       1004       1005       1006       1007
time:              2590000 index:         127 input:       1008       1009       1010       1011       1012       1013       1014       1015
time:              2610000 index:         128 input:       1016       1017       1018       1019       1020       1021       1022       1023
time:              2630000 index:         129 input:       1024       1025       1026       1027       1028       1029       1030       1031
time:              2650000 index:         130 input:       1032       1033       1034       1035       1036       1037       1038       1039
time:              2670000 index:         131 input:       1040       1041       1042       1043       1044       1045       1046       1047
time:              2690000 index:         132 input:       1048       1049       1050       1051       1052       1053       1054       1055
time:              2710000 index:         133 input:       1056       1057       1058       1059       1060       1061       1062       1063
time:              2730000 index:         134 input:       1064       1065       1066       1067       1068       1069       1070       1071
time:              2750000 index:         135 input:       1072       1073       1074       1075       1076       1077       1078       1079
time:              2770000 index:         136 input:       1080       1081       1082       1083       1084       1085       1086       1087
time:              2790000 index:         137 input:       1088       1089       1090       1091       1092       1093       1094       1095
time:              2810000 index:         138 input:       1096       1097       1098       1099       1100       1101       1102       1103
time:              2830000 index:         139 input:       1104       1105       1106       1107       1108       1109       1110       1111
time:              2850000 index:         140 input:       1112       1113       1114       1115       1116       1117       1118       1119
time:              2870000 index:         141 input:       1120       1121       1122       1123       1124       1125       1126       1127
time:              2890000 index:         142 input:       1128       1129       1130       1131       1132       1133       1134       1135
time:              2910000 index:         143 input:       1136       1137       1138       1139       1140       1141       1142       1143
time:              2930000 index:         144 input:       1144       1145       1146       1147       1148       1149       1150       1151
time:              2950000 index:         145 input:       1152       1153       1154       1155       1156       1157       1158       1159
time:              2970000 index:         146 input:       1160       1161       1162       1163       1164       1165       1166       1167
time:              2990000 index:         147 input:       1168       1169       1170       1171       1172       1173       1174       1175
time:              3010000 index:         148 input:       1176       1177       1178       1179       1180       1181       1182       1183
time:              3030000 index:         149 input:       1184       1185       1186       1187       1188       1189       1190       1191
time:              3050000 index:         150 input:       1192       1193       1194       1195       1196       1197       1198       1199
time:              3070000 index:         151 input:       1200       1201       1202       1203       1204       1205       1206       1207
time:              3090000 index:         152 input:       1208       1209       1210       1211       1212       1213       1214       1215
time:              3110000 index:         153 input:       1216       1217       1218       1219       1220       1221       1222       1223
time:              3130000 index:         154 input:       1224       1225       1226       1227       1228       1229       1230       1231
time:              3150000 index:         155 input:       1232       1233       1234       1235       1236       1237       1238       1239
time:              3170000 index:         156 input:       1240       1241       1242       1243       1244       1245       1246       1247
time:              3190000 index:         157 input:       1248       1249       1250       1251       1252       1253       1254       1255
time:              3210000 index:         158 input:       1256       1257       1258       1259       1260       1261       1262       1263
time:              3230000 index:         159 input:       1264       1265       1266       1267       1268       1269       1270       1271
time:              3250000 index:         160 input:       1272       1273       1274       1275       1276       1277       1278       1279
time:              3270000 index:         161 input:       1280       1281       1282       1283       1284       1285       1286       1287
time:              3290000 index:         162 input:       1288       1289       1290       1291       1292       1293       1294       1295
time:              3310000 index:         163 input:       1296       1297       1298       1299       1300       1301       1302       1303
time:              3330000 index:         164 input:       1304       1305       1306       1307       1308       1309       1310       1311
time:              3350000 index:         165 input:       1312       1313       1314       1315       1316       1317       1318       1319
time:              3370000 index:         166 input:       1320       1321       1322       1323       1324       1325       1326       1327
time:              3390000 index:         167 input:       1328       1329       1330       1331       1332       1333       1334       1335
time:              3410000 index:         168 input:       1336       1337       1338       1339       1340       1341       1342       1343
time:              3430000 index:         169 input:       1344       1345       1346       1347       1348       1349       1350       1351
time:              3450000 index:         170 input:       1352       1353       1354       1355       1356       1357       1358       1359
time:              3470000 index:         171 input:       1360       1361       1362       1363       1364       1365       1366       1367
time:              3490000 index:         172 input:       1368       1369       1370       1371       1372       1373       1374       1375
time:              3510000 index:         173 input:       1376       1377       1378       1379       1380       1381       1382       1383
time:              3530000 index:         174 input:       1384       1385       1386       1387       1388       1389       1390       1391
time:              3550000 index:         175 input:       1392       1393       1394       1395       1396       1397       1398       1399
time:              3570000 index:         176 input:       1400       1401       1402       1403       1404       1405       1406       1407
time:              3590000 index:         177 input:       1408       1409       1410       1411       1412       1413       1414       1415
time:              3610000 index:         178 input:       1416       1417       1418       1419       1420       1421       1422       1423
time:              3630000 index:         179 input:       1424       1425       1426       1427       1428       1429       1430       1431
time:              3650000 index:         180 input:       1432       1433       1434       1435       1436       1437       1438       1439
time:              3670000 index:         181 input:       1440       1441       1442       1443       1444       1445       1446       1447
time:              3690000 index:         182 input:       1448       1449       1450       1451       1452       1453       1454       1455
time:              3710000 index:         183 input:       1456       1457       1458       1459       1460       1461       1462       1463
time:              3730000 index:         184 input:       1464       1465       1466       1467       1468       1469       1470       1471
time:              3750000 index:         185 input:       1472       1473       1474       1475       1476       1477       1478       1479
time:              3770000 index:         186 input:       1480       1481       1482       1483       1484       1485       1486       1487
time:              3790000 index:         187 input:       1488       1489       1490       1491       1492       1493       1494       1495
time:              3810000 index:         188 input:       1496       1497       1498       1499       1500       1501       1502       1503
time:              3830000 index:         189 input:       1504       1505       1506       1507       1508       1509       1510       1511
time:              3850000 index:         190 input:       1512       1513       1514       1515       1516       1517       1518       1519
time:              3870000 index:         191 input:       1520       1521       1522       1523       1524       1525       1526       1527
time:              3890000 index:         192 input:       1528       1529       1530       1531       1532       1533       1534       1535
time:              3910000 index:         193 input:       1536       1537       1538       1539       1540       1541       1542       1543
time:              3930000 index:         194 input:       1544       1545       1546       1547       1548       1549       1550       1551
time:              3950000 index:         195 input:       1552       1553       1554       1555       1556       1557       1558       1559
time:              3970000 index:         196 input:       1560       1561       1562       1563       1564       1565       1566       1567
time:              3990000 index:         197 input:       1568       1569       1570       1571       1572       1573       1574       1575
time:              4010000 index:         198 input:       1576       1577       1578       1579       1580       1581       1582       1583
time:              4030000 index:         199 input:       1584       1585       1586       1587       1588       1589       1590       1591
time:              4050000 index:         200 input:       1592       1593       1594       1595       1596       1597       1598       1599
time:              4070000 index:         201 input:       1600       1601       1602       1603       1604       1605       1606       1607
time:              4090000 index:         202 input:       1608       1609       1610       1611       1612       1613       1614       1615
time:              4110000 index:         203 input:       1616       1617       1618       1619       1620       1621       1622       1623
time:              4130000 index:         204 input:       1624       1625       1626       1627       1628       1629       1630       1631
time:              4150000 index:         205 input:       1632       1633       1634       1635       1636       1637       1638       1639
time:              4170000 index:         206 input:       1640       1641       1642       1643       1644       1645       1646       1647
time:              4190000 index:         207 input:       1648       1649       1650       1651       1652       1653       1654       1655
time:              4210000 index:         208 input:       1656       1657       1658       1659       1660       1661       1662       1663
time:              4230000 index:         209 input:       1664       1665       1666       1667       1668       1669       1670       1671
time:              4250000 index:         210 input:       1672       1673       1674       1675       1676       1677       1678       1679
time:              4270000 index:         211 input:       1680       1681       1682       1683       1684       1685       1686       1687
time:              4290000 index:         212 input:       1688       1689       1690       1691       1692       1693       1694       1695
time:              4310000 index:         213 input:       1696       1697       1698       1699       1700       1701       1702       1703
time:              4330000 index:         214 input:       1704       1705       1706       1707       1708       1709       1710       1711
time:              4350000 index:         215 input:       1712       1713       1714       1715       1716       1717       1718       1719
time:              4370000 index:         216 input:       1720       1721       1722       1723       1724       1725       1726       1727
time:              4390000 index:         217 input:       1728       1729       1730       1731       1732       1733       1734       1735
time:              4410000 index:         218 input:       1736       1737       1738       1739       1740       1741       1742       1743
time:              4430000 index:         219 input:       1744       1745       1746       1747       1748       1749       1750       1751
time:              4450000 index:         220 input:       1752       1753       1754       1755       1756       1757       1758       1759
time:              4470000 index:         221 input:       1760       1761       1762       1763       1764       1765       1766       1767
time:              4490000 index:         222 input:       1768       1769       1770       1771       1772       1773       1774       1775
time:              4510000 index:         223 input:       1776       1777       1778       1779       1780       1781       1782       1783
time:              4530000 index:         224 input:       1784       1785       1786       1787       1788       1789       1790       1791
time:              4550000 index:         225 input:       1792       1793       1794       1795       1796       1797       1798       1799
time:              4570000 index:         226 input:       1800       1801       1802       1803       1804       1805       1806       1807
time:              4590000 index:         227 input:       1808       1809       1810       1811       1812       1813       1814       1815
time:              4610000 index:         228 input:       1816       1817       1818       1819       1820       1821       1822       1823
time:              4630000 index:         229 input:       1824       1825       1826       1827       1828       1829       1830       1831
time:              4650000 index:         230 input:       1832       1833       1834       1835       1836       1837       1838       1839
time:              4670000 index:         231 input:       1840       1841       1842       1843       1844       1845       1846       1847
time:              4690000 index:         232 input:       1848       1849       1850       1851       1852       1853       1854       1855
time:              4710000 index:         233 input:       1856       1857       1858       1859       1860       1861       1862       1863
time:              4730000 index:         234 input:       1864       1865       1866       1867       1868       1869       1870       1871
time:              4750000 index:         235 input:       1872       1873       1874       1875       1876       1877       1878       1879
time:              4770000 index:         236 input:       1880       1881       1882       1883       1884       1885       1886       1887
time:              4790000 index:         237 input:       1888       1889       1890       1891       1892       1893       1894       1895
time:              4810000 index:         238 input:       1896       1897       1898       1899       1900       1901       1902       1903
time:              4830000 index:         239 input:       1904       1905       1906       1907       1908       1909       1910       1911
time:              4850000 index:         240 input:       1912       1913       1914       1915       1916       1917       1918       1919
time:              4870000 index:         241 input:       1920       1921       1922       1923       1924       1925       1926       1927
time:              4890000 index:         242 input:       1928       1929       1930       1931       1932       1933       1934       1935
time:              4910000 index:         243 input:       1936       1937       1938       1939       1940       1941       1942       1943
time:              4930000 index:         244 input:       1944       1945       1946       1947       1948       1949       1950       1951
time:              4950000 index:         245 input:       1952       1953       1954       1955       1956       1957       1958       1959
time:              4970000 index:         246 input:       1960       1961       1962       1963       1964       1965       1966       1967
time:              4990000 index:         247 input:       1968       1969       1970       1971       1972       1973       1974       1975
time:              5010000 index:         248 input:       1976       1977       1978       1979       1980       1981       1982       1983
time:              5030000 index:         249 input:       1984       1985       1986       1987       1988       1989       1990       1991
time:              5050000 index:         250 input:       1992       1993       1994       1995       1996       1997       1998       1999
time:              5070000 index:         251 input:       2000       2001       2002       2003       2004       2005       2006       2007
time:              5090000 index:         252 input:       2008       2009       2010       2011       2012       2013       2014       2015
time:              5110000 index:         253 input:       2016       2017       2018       2019       2020       2021       2022       2023
time:              5130000 index:         254 input:       2024       2025       2026       2027       2028       2029       2030       2031
time:              5150000 index:         255 input:       2032       2033       2034       2035       2036       2037       2038       2039
time:             15590001 index:           0 output:    1047552    1048576 4294632356     332662 4294799313     165753 4294855025     110131
time:             15610001 index:           1 output: 4294882797      82394 4294899567      65681 4294910661      54583 4294918576      46623
time:             15630001 index:           2 output: 4294924541      40663 4294929194      35991 4294932916      32258 4294935900      29238
time:             15650001 index:           3 output: 4294938473      26754 4294940567      24568 4294942381      22742 4294944011      21173
time:             15670001 index:           4 output: 4294945419      19815 4294946654      18577 4294947745      17477 4294948721      16501
time:             15690001 index:           5 output: 4294949616      15634 4294950417      14833 4294951134      14134 4294951795      13438
time:             15710001 index:           6 output: 4294952393      12855 4294952963      12289 4294953484      11764 4294953961      11302
time:             15730001 index:           7 output: 4294954376      10861 4294954780      10439 4294955177      10057 4294955549       9694
time:             15750001 index:           8 output: 4294955871       9367 4294956181       9030 4294956486       8741 4294956782       8462
time:             15770001 index:           9 output: 4294957039       8195 4294957301       7939 4294957535       7721 4294957763       7472
time:             15790001 index:          10 output: 4294957974       7258 4294958185       7061 4294958367       6853 4294958563       6678
time:             15810001 index:          11 output: 4294958724       6498 4294958902       6325 4294959063       6165 4294959222       6012
time:             15830001 index:          12 output: 4294959370       5874 4294959514       5718 4294959646       5586 4294959783       5452
time:             15850001 index:          13 output: 4294959899       5322 4294960029       5207 4294960148       5083 4294960261       4974
time:             15870001 index:          14 output: 4294960356       4861 4294960474       4753 4294960583       4652 4294960674       4557
time:             15890001 index:          15 output: 4294960767       4466 4294960858       4367 4294960948       4279 4294961033       4195
time:             15910001 index:          16 output: 4294961122       4123 4294961202       4040 4294961284       3965 4294961370       3881
time:             15930001 index:          17 output: 4294961435       3810 4294961512       3742 4294961582       3672 4294961644       3599
time:             15950001 index:          18 output: 4294961712       3531 4294961777       3465 4294961845       3395 4294961896       3334
time:             15970001 index:          19 output: 4294961960       3283 4294962017       3219 4294962072       3162 4294962128       3111
time:             15990001 index:          20 output: 4294962187       3063 4294962239       3005 4294962290       2962 4294962340       2905
time:             16010001 index:          21 output: 4294962392       2859 4294962443       2813 4294962486       2772 4294962538       2718
time:             16030001 index:          22 output: 4294962574       2680 4294962623       2631 4294962669       2587 4294962708       2550
time:             16050001 index:          23 output: 4294962745       2502 4294962781       2469 4294962824       2426 4294962861       2388
time:             16070001 index:          24 output: 4294962897       2352 4294962933       2310 4294962970       2275 4294963013       2236
time:             16090001 index:          25 output: 4294963044       2207 4294963080       2172 4294963110       2143 4294963150       2106
time:             16110001 index:          26 output: 4294963179       2072 4294963212       2040 4294963237       2007 4294963272       1982
time:             16130001 index:          27 output: 4294963301       1953 4294963334       1921 4294963361       1892 4294963384       1862
time:             16150001 index:          28 output: 4294963409       1837 4294963444       1806 4294963472       1779 4294963496       1750
time:             16170001 index:          29 output: 4294963515       1727 4294963554       1705 4294963572       1681 4294963599       1654
time:             16190001 index:          30 output: 4294963618       1628 4294963646       1604 4294963674       1580 4294963692       1556
time:             16210001 index:          31 output: 4294963715       1534 4294963733       1509 4294963759       1489 4294963780       1467
time:             16230001 index:          32 output: 4294963799       1447 4294963823       1422 4294963845       1398 4294963862       1385
time:             16250001 index:          33 output: 4294963882       1358 4294963912       1342 4294963923       1324 4294963946       1304
time:             16270001 index:          34 output: 4294963962       1282 4294963982       1261 4294964005       1243 4294964021       1225
time:             16290001 index:          35 output: 4294964040       1210 4294964054       1186 4294964071       1166 4294964087       1153
time:             16310001 index:          36 output: 4294964108       1138 4294964125       1121 4294964142       1105 4294964164       1086
time:             16330001 index:          37 output: 4294964178       1071 4294964196       1056 4294964208       1043 4294964229       1025
time:             16350001 index:          38 output: 4294964239       1012 4294964260        994 4294964273        976 4294964290        965
time:             16370001 index:          39 output: 4294964302        946 4294964313        931 4294964329        919 4294964345        906
time:             16390001 index:          40 output: 4294964359        888 4294964373        873 4294964387        862 4294964404        850
time:             16410001 index:          41 output: 4294964415        835 4294964431        820 4294964441        812 4294964454        792
time:             16430001 index:          42 output: 4294964466        778 4294964482        769 4294964493        751 4294964507        744
time:             16450001 index:          43 output: 4294964518        731 4294964531        719 4294964543        702 4294964557        693
time:             16470001 index:          44 output: 4294964563        680 4294964577        670 4294964588        658 4294964602        645
time:             16490001 index:          45 output: 4294964612        634 4294964627        626 4294964637        615 4294964647        602
time:             16510001 index:          46 output: 4294964656        589 4294964667        579 4294964681        568 4294964688        558
time:             16530001 index:          47 output: 4294964700        547 4294964710        536 4294964719        525 4294964730        516
time:             16550001 index:          48 output: 4294964740        508 4294964750        494 4294964761        484 4294964772        475
time:             16570001 index:          49 output: 4294964782        465 4294964792        455 4294964802        446 4294964810        435
time:             16590001 index:          50 output: 4294964819        427 4294964831        416 4294964840        405 4294964848        394
time:             16610001 index:          51 output: 4294964857        390 4294964866        376 4294964872        366 4294964882        359
time:             16630001 index:          52 output: 4294964891        352 4294964903        346 4294964909        334 4294964917        328
time:             16650001 index:          53 output: 4294964927        320 4294964937        313 4294964943        303 4294964953        294
time:             16670001 index:          54 output: 4294964962        285 4294964971        279 4294964979        270 4294964988        261
time:             16690001 index:          55 output: 4294964994        253 4294964999        243 4294965011        237 4294965019        229
time:             16710001 index:          56 output: 4294965023        219 4294965033        210 4294965041        204 4294965051        198
time:             16730001 index:          57 output: 4294965057        189 4294965066        183 4294965070        178 4294965079        167
time:             16750001 index:          58 output: 4294965088        160 4294965096        153 4294965102        144 4294965108        139
time:             16770001 index:          59 output: 4294965115        131 4294965122        125 4294965129        116 4294965136        110
time:             16790001 index:          60 output: 4294965142        103 4294965152         95 4294965158         88 4294965165         81
time:             16810001 index:          61 output: 4294965170         74 4294965179         71 4294965184         62 4294965190         57
time:             16830001 index:          62 output: 4294965197         48 4294965204         41 4294965212         35 4294965217         28
time:             16850001 index:          63 output: 4294965222         22 4294965229         15 4294965236         10 4294965242          3
time:             16870001 index:          64 output: 4294965248          0 4294965253 4294967291 4294965261 4294967283 4294965268 4294967278
time:             16890001 index:          65 output: 4294965272 4294967271 4294965281 4294967265 4294965286 4294967258 4294965291 4294967254
time:             16910001 index:          66 output: 4294965296 4294967248 4294965305 4294967240 4294965311 4294967233 4294965317 4294967227
time:             16930001 index:          67 output: 4294965323 4294967224 4294965328 4294967213 4294965332 4294967207 4294965340 4294967204
time:             16950001 index:          68 output: 4294965344 4294967200 4294965350 4294967195 4294965357 4294967187 4294965361 4294967183
time:             16970001 index:          69 output: 4294965367 4294967179 4294965375 4294967173 4294965377 4294967169 4294965386 4294967161
time:             16990001 index:          70 output: 4294965389 4294967157 4294965396 4294967152 4294965403 4294967145 4294965407 4294967142
time:             17010001 index:          71 output: 4294965410 4294967133 4294965417 4294967128 4294965422 4294967124 4294965429 4294967118
time:             17030001 index:          72 output: 4294965432 4294967112 4294965437 4294967104 4294965442 4294967099 4294965450 4294967098
time:             17050001 index:          73 output: 4294965453 4294967091 4294965460 4294967086 4294965462 4294967084 4294965471 4294967076
time:             17070001 index:          74 output: 4294965476 4294967070 4294965480 4294967068 4294965486 4294967060 4294965490 4294967057
time:             17090001 index:          75 output: 4294965494 4294967048 4294965500 4294967047 4294965504 4294967040 4294965510 4294967036
time:             17110001 index:          76 output: 4294965513 4294967031 4294965520 4294967026 4294965525 4294967021 4294965529 4294967016
time:             17130001 index:          77 output: 4294965533 4294967010 4294965538 4294967006 4294965544 4294967003 4294965547 4294966998
time:             17150001 index:          78 output: 4294965552 4294966991 4294965558 4294966987 4294965562 4294966983 4294965566 4294966977
time:             17170001 index:          79 output: 4294965570 4294966973 4294965574 4294966967 4294965580 4294966963 4294965583 4294966959
time:             17190001 index:          80 output: 4294965588 4294966957 4294965592 4294966952 4294965595 4294966950 4294965602 4294966945
time:             17210001 index:          81 output: 4294965607 4294966938 4294965610 4294966936 4294965615 4294966931 4294965619 4294966924
time:             17230001 index:          82 output: 4294965623 4294966922 4294965630 4294966918 4294965635 4294966913 4294965638 4294966906
time:             17250001 index:          83 output: 4294965642 4294966903 4294965646 4294966898 4294965652 4294966894 4294965655 4294966890
time:             17270001 index:          84 output: 4294965659 4294966887 4294965665 4294966883 4294965666 4294966880 4294965671 4294966874
time:             17290001 index:          85 output: 4294965676 4294966871 4294965681 4294966869 4294965683 4294966865 4294965690 4294966860
time:             17310001 index:          86 output: 4294965691 4294966855 4294965697 4294966851 4294965703 4294966847 4294965706 4294966844
time:             17330001 index:          87 output: 4294965711 4294966838 4294965712 4294966834 4294965718 4294966830 4294965721 4294966826
time:             17350001 index:          88 output: 4294965724 4294966821 4294965729 4294966816 4294965732 4294966813 4294965740 4294966809
time:             17370001 index:          89 output: 4294965742 4294966805 4294965746 4294966802 4294965748 4294966797 4294965754 4294966794
time:             17390001 index:          90 output: 4294965759 4294966790 4294965764 4294966786 4294965767 4294966781 4294965770 4294966780
time:             17410001 index:          91 output: 4294965773 4294966775 4294965777 4294966772 4294965780 4294966767 4294965784 4294966762
time:             17430001 index:          92 output: 4294965789 4294966757 4294965794 4294966754 4294965799 4294966752 4294965801 4294966747
time:             17450001 index:          93 output: 4294965802 4294966742 4294965809 4294966742 4294965810 4294966737 4294965816 4294966733
time:             17470001 index:          94 output: 4294965819 4294966727 4294965822 4294966726 4294965827 4294966721 4294965831 4294966717
time:             17490001 index:          95 output: 4294965833 4294966712 4294965838 4294966706 4294965840 4294966704 4294965843 4294966702
time:             17510001 index:          96 output: 4294965847 4294966697 4294965852 4294966695 4294965857 4294966690 4294965858 4294966685
time:             17530001 index:          97 output: 4294965863 4294966681 4294965869 4294966681 4294965871 4294966676 4294965872 4294966672
time:             17550001 index:          98 output: 4294965877 4294966667 4294965883 4294966664 4294965888 4294966662 4294965889 4294966659
time:             17570001 index:          99 output: 4294965894 4294966654 4294965896 4294966646 4294965900 4294966645 4294965901 4294966643
time:             17590001 index:         100 output: 4294965906 4294966640 4294965909 4294966637 4294965913 4294966634 4294965917 4294966631
time:             17610001 index:         101 output: 4294965921 4294966626 4294965925 4294966623 4294965927 4294966620 4294965932 4294966616
time:             17630001 index:         102 output: 4294965933 4294966612 4294965939 4294966611 4294965944 4294966607 4294965945 4294966604
time:             17650001 index:         103 output: 4294965949 4294966599 4294965950 4294966594 4294965954 4294966592 4294965958 4294966587
time:             17670001 index:         104 output: 4294965963 4294966584 4294965966 4294966580 4294965970 4294966577 4294965972 4294966576
time:             17690001 index:         105 output: 4294965977 4294966571 4294965981 4294966568 4294965982 4294966567 4294965986 4294966560
time:             17710001 index:         106 output: 4294965990 4294966556 4294965992 4294966555 4294965998 4294966550 4294966002 4294966549
time:             17730001 index:         107 output: 4294966003 4294966544 4294966006 4294966542 4294966010 4294966537 4294966014 4294966534
time:             17750001 index:         108 output: 4294966016 4294966531 4294966019 4294966528 4294966021 4294966523 4294966028 4294966519
time:             17770001 index:         109 output: 4294966030 4294966518 4294966033 4294966516 4294966036 4294966512 4294966040 4294966509
time:             17790001 index:         110 output: 4294966043 4294966504 4294966046 4294966500 4294966051 4294966498 4294966053 4294966493
time:             17810001 index:         111 output: 4294966056 4294966489 4294966060 4294966486 4294966064 4294966484 4294966066 4294966480
time:             17830001 index:         112 output: 4294966068 4294966476 4294966071 4294966475 4294966075 4294966470 4294966079 4294966466
time:             17850001 index:         113 output: 4294966083 4294966464 4294966085 4294966462 4294966089 4294966459 4294966092 4294966453
time:             17870001 index:         114 output: 4294966096 4294966452 4294966099 4294966448 4294966103 4294966444 4294966107 4294966439
time:             17890001 index:         115 output: 4294966109 4294966438 4294966113 4294966433 4294966115 4294966429 4294966119 4294966428
time:             17910001 index:         116 output: 4294966120 4294966423 4294966123 4294966422 4294966127 4294966418 4294966131 4294966416
time:             17930001 index:         117 output: 4294966134 4294966415 4294966136 4294966410 4294966138 4294966406 4294966143 4294966404
time:             17950001 index:         118 output: 4294966145 4294966400 4294966149 4294966397 4294966154 4294966395 4294966156 4294966391
time:             17970001 index:         119 output: 4294966159 4294966388 4294966161 4294966383 4294966164 4294966380 4294966168 4294966378
time:             17990001 index:         120 output: 4294966171 4294966373 4294966174 4294966371 4294966178 4294966367 4294966181 4294966366
time:             18010001 index:         121 output: 4294966184 4294966362 4294966187 4294966360 4294966189 4294966357 4294966195 4294966353
time:             18030001 index:         122 output: 4294966198 4294966350 4294966201 4294966348 4294966204 4294966342 4294966206 4294966341
time:             18050001 index:         123 output: 4294966210 4294966336 4294966213 4294966334 4294966218 4294966331 4294966220 4294966328
time:             18070001 index:         124 output: 4294966222 4294966323 4294966226 4294966321 4294966229 4294966317 4294966232 4294966314
time:             18090001 index:         125 output: 4294966235 4294966309 4294966236 4294966310 4294966241 4294966307 4294966243 4294966302
time:             18110001 index:         126 output: 4294966247 4294966298 4294966251 4294966296 4294966256 4294966293 4294966257 4294966290
time:             18130001 index:         127 output: 4294966259 4294966285 4294966262 4294966282 4294966266 4294966278 4294966268 4294966277
time:             18150001 index:         128 output: 4294966272 4294966272 4294966276 4294966268 4294966279 4294966267 4294966283 4294966263
time:             18170001 index:         129 output: 4294966285 4294966260 4294966289 4294966259 4294966291 4294966255 4294966294 4294966251
time:             18190001 index:         130 output: 4294966299 4294966247 4294966302 4294966245 4294966306 4294966242 4294966308 4294966236
time:             18210001 index:         131 output: 4294966309 4294966234 4294966315 4294966230 4294966319 4294966226 4294966321 4294966225
time:             18230001 index:         132 output: 4294966323 4294966221 4294966328 4294966219 4294966329 4294966217 4294966333 4294966213
time:             18250001 index:         133 output: 4294966336 4294966212 4294966339 4294966207 4294966342 4294966204 4294966347 4294966200
time:             18270001 index:         134 output: 4294966347 4294966197 4294966351 4294966195 4294966354 4294966192 4294966357 4294966190
time:             18290001 index:         135 output: 4294966360 4294966185 4294966364 4294966181 4294966367 4294966177 4294966371 4294966176
time:             18310001 index:         136 output: 4294966373 4294966171 4294966379 4294966168 4294966382 4294966165 4294966384 4294966164
time:             18330001 index:         137 output: 4294966387 4294966159 4294966389 4294966157 4294966393 4294966153 4294966397 4294966150
time:             18350001 index:         138 output: 4294966400 4294966148 4294966403 4294966145 4294966407 4294966139 4294966409 4294966138
time:             18370001 index:         139 output: 4294966412 4294966134 4294966416 4294966131 4294966419 4294966127 4294966422 4294966124
time:             18390001 index:         140 output: 4294966424 4294966122 4294966430 4294966118 4294966432 4294966114 4294966435 4294966112
time:             18410001 index:         141 output: 4294966439 4294966106 4294966441 4294966105 4294966446 4294966101 4294966449 4294966098
time:             18430001 index:         142 output: 4294966452 4294966093 4294966456 4294966091 4294966459 4294966090 4294966462 4294966085
time:             18450001 index:         143 output: 4294966463 4294966080 4294966468 4294966077 4294966472 4294966075 4294966473 4294966071
time:             18470001 index:         144 output: 4294966476 4294966069 4294966480 4294966066 4294966480 4294966063 4294966486 4294966061
time:             18490001 index:         145 output: 4294966489 4294966056 4294966492 4294966054 4294966494 4294966050 4294966498 4294966047
time:             18510001 index:         146 output: 4294966502 4294966043 4294966505 4294966039 4294966511 4294966037 4294966514 4294966032
time:             18530001 index:         147 output: 4294966516 4294966031 4294966521 4294966025 4294966524 4294966022 4294966526 4294966019
time:             18550001 index:         148 output: 4294966529 4294966017 4294966531 4294966013 4294966534 4294966010 4294966540 4294966007
time:             18570001 index:         149 output: 4294966542 4294966005 4294966543 4294966001 4294966546 4294965998 4294966552 4294965996
time:             18590001 index:         150 output: 4294966554 4294965990 4294966559 4294965987 4294966563 4294965985 4294966564 4294965982
time:             18610001 index:         151 output: 4294966569 4294965978 4294966571 4294965973 4294966576 4294965970 4294966579 4294965966
time:             18630001 index:         152 output: 4294966581 4294965962 4294966585 4294965958 4294966590 4294965955 4294966595 4294965956
time:             18650001 index:         153 output: 4294966596 4294965951 4294966600 4294965948 4294966602 4294965943 4294966606 4294965942
time:             18670001 index:         154 output: 4294966611 4294965936 4294966614 4294965934 4294966619 4294965929 4294966620 4294965926
time:             18690001 index:         155 output: 4294966623 4294965923 4294966628 4294965921 4294966631 4294965916 4294966636 4294965910
time:             18710001 index:         156 output: 4294966639 4294965907 4294966642 4294965904 4294966646 4294965903 4294966650 4294965898
time:             18730001 index:         157 output: 4294966653 4294965891 4294966656 4294965893 4294966658 4294965887 4294966663 4294965884
time:             18750001 index:         158 output: 4294966666 4294965878 4294966670 4294965876 4294966674 4294965874 4294966678 4294965868
time:             18770001 index:         159 output: 4294966681 4294965864 4294966685 4294965859 4294966689 4294965857 4294966692 4294965853
time:             18790001 index:         160 output: 4294966697 4294965849 4294966701 4294965846 4294966705 4294965842 4294966706 4294965837
time:             18810001 index:         161 output: 4294966712 4294965834 4294966714 4294965834 4294966717 4294965826 4294966722 4294965824
time:             18830001 index:         162 output: 4294966726 4294965820 4294966732 4294965817 4294966735 4294965815 4294966737 4294965809
time:             18850001 index:         163 output: 4294966740 4294965806 4294966748 4294965800 4294966751 4294965796 4294966753 4294965791
time:             18870001 index:         164 output: 4294966756 4294965790 4294966761 4294965785 4294966764 4294965781 4294966768 4294965780
time:             18890001 index:         165 output: 4294966772 4294965775 4294966776 4294965774 4294966778 4294965767 4294966783 4294965765
time:             18910001 index:         166 output: 4294966785 4294965758 4294966790 4294965758 4294966795 4294965752 4294966796 4294965749
time:             18930001 index:         167 output: 4294966804 4294965742 4294966809 4294965737 4294966811 4294965735 4294966815 4294965730
time:             18950001 index:         168 output: 4294966821 4294965726 4294966825 4294965723 4294966827 4294965720 4294966830 4294965716
time:             18970001 index:         169 output: 4294966835 4294965711 4294966839 4294965708 4294966841 4294965702 4294966848 4294965698
time:             18990001 index:         170 output: 4294966854 4294965694 4294966856 4294965691 4294966863 4294965687 4294966865 4294965684
time:             19010001 index:         171 output: 4294966868 4294965679 4294966873 4294965675 4294966879 4294965668 4294966881 4294965667
time:             19030001 index:         172 output: 4294966885 4294965660 4294966891 4294965656 4294966894 4294965650 4294966898 4294965649
time:             19050001 index:         173 output: 4294966902 4294965644 4294966905 4294965640 4294966911 4294965635 4294966915 4294965632
time:             19070001 index:         174 output: 4294966922 4294965625 4294966923 4294965621 4294966931 4294965618 4294966932 4294965612
time:             19090001 index:         175 output: 4294966938 4294965609 4294966944 4294965602 4294966947 4294965599 4294966952 4294965594
time:             19110001 index:         176 output: 4294966956 4294965588 4294966962 4294965584 4294966967 4294965582 4294966972 4294965577
time:             19130001 index:         177 output: 4294966974 4294965571 4294966978 4294965567 4294966984 4294965562 4294966990 4294965559
time:             19150001 index:         178 output: 4294966993 4294965551 4294966999 4294965548 4294967006 4294965545 4294967010 4294965538
time:             19170001 index:         179 output: 4294967013 4294965534 4294967020 4294965528 4294967026 4294965522 4294967030 4294965517
time:             19190001 index:         180 output: 4294967031 4294965514 4294967035 4294965510 4294967043 4294965504 4294967047 4294965498
time:             19210001 index:         181 output: 4294967049 4294965496 4294967055 4294965489 4294967059 4294965485 4294967067 4294965480
time:             19230001 index:         182 output: 4294967070 4294965475 4294967075 4294965471 4294967081 4294965466 4294967084 4294965461
time:             19250001 index:         183 output: 4294967090 4294965455 4294967099 4294965447 4294967101 4294965445 4294967107 4294965439
time:             19270001 index:         184 output: 4294967113 4294965433 4294967121 4294965428 4294967123 4294965424 4294967129 4294965420
time:             19290001 index:         185 output: 4294967133 4294965411 4294967140 4294965407 4294967142 4294965400 4294967151 4294965399
time:             19310001 index:         186 output: 4294967156 4294965392 4294967160 4294965387 4294967170 4294965380 4294967172 4294965375
time:             19330001 index:         187 output: 4294967177 4294965367 4294967182 4294965363 4294967189 4294965358 4294967194 4294965352
time:             19350001 index:         188 output: 4294967200 4294965345 4294967206 4294965341 4294967212 4294965336 4294967217 4294965331
time:             19370001 index:         189 output: 4294967224 4294965322 4294967227 4294965317 4294967234 4294965310 4294967240 4294965305
time:             19390001 index:         190 output: 4294967247 4294965298 4294967254 4294965293 4294967258 4294965289 4294967265 4294965280
time:             19410001 index:         191 output: 4294967272 4294965274 4294967279 4294965267 4294967284 4294965262 4294967290 4294965255
time:             19430001 index:         192 output:          0 4294965248          7 4294965243         15 4294965237         20 4294965232
time:             19450001 index:         193 output:         26 4294965223         31 4294965219         38 4294965212         47 4294965204
time:             19470001 index:         194 output:         52 4294965198         59 4294965192         67 4294965187         75 4294965179
time:             19490001 index:         195 output:         79 4294965172         90 4294965165         96 4294965157        100 4294965150
time:             19510001 index:         196 output:        106 4294965144        112 4294965137        121 4294965131        129 4294965123
time:             19530001 index:         197 output:        133 4294965115        141 4294965111        147 4294965101        156 4294965097
time:             19550001 index:         198 output:        163 4294965087        170 4294965080        179 4294965075        183 4294965066
time:             19570001 index:         199 output:        194 4294965057        203 4294965048        210 4294965042        215 4294965036
time:             19590001 index:         200 output:        224 4294965026        235 4294965018        242 4294965011        248 4294965004
time:             19610001 index:         201 output:        257 4294964995        266 4294964990        270 4294964978        281 4294964974
time:             19630001 index:         202 output:        290 4294964964        296 4294964954        308 4294964948        314 4294964939
time:             19650001 index:         203 output:        326 4294964928        334 4294964921        342 4294964912        350 4294964904
time:             19670001 index:         204 output:        357 4294964893        368 4294964886        377 4294964875        385 4294964868
time:             19690001 index:         205 output:        397 4294964858        404 4294964850        414 4294964841        423 4294964830
time:             19710001 index:         206 output:        436 4294964819        444 4294964813        452 4294964803        462 4294964793
time:             19730001 index:         207 output:        472 4294964781        484 4294964773        492 4294964763        503 4294964751
time:             19750001 index:         208 output:        510 4294964739        518 4294964730        529 4294964718        538 4294964713
time:             19770001 index:         209 output:        549 4294964700        558 4294964688        569 4294964679        583 4294964666
time:             19790001 index:         210 output:        595 4294964656        604 4294964646        617 4294964639        632 4294964624
time:             19810001 index:         211 output:        638 4294964611        652 4294964602        664 4294964590        675 4294964576
time:             19830001 index:         212 output:        681 4294964565        697 4294964555        706 4294964540        721 4294964530
time:             19850001 index:         213 output:        730 4294964517        741 4294964505        753 4294964489        768 4294964482
time:             19870001 index:         214 output:        781 4294964463        793 4294964455        805 4294964445        818 4294964428
time:             19890001 index:         215 output:        835 4294964414        848 4294964396        862 4294964386        875 4294964372
time:             19910001 index:         216 output:        890 4294964357        909 4294964344        920 4294964329        932 4294964319
time:             19930001 index:         217 output:        946 4294964301        962 4294964286        976 4294964269        990 4294964258
time:             19950001 index:         218 output:       1007 4294964242       1022 4294964228       1041 4294964211       1054 4294964192
time:             19970001 index:         219 output:       1071 4294964177       1085 4294964162       1104 4294964145       1124 4294964126
time:             19990001 index:         220 output:       1139 4294964107       1156 4294964096       1171 4294964078       1193 4294964061
time:             20010001 index:         221 output:       1214 4294964036       1221 4294964024       1244 4294963999       1262 4294963985
time:             20030001 index:         222 output:       1285 4294963963       1302 4294963946       1321 4294963929       1343 4294963907
time:             20050001 index:         223 output:       1363 4294963886       1388 4294963866       1404 4294963846       1425 4294963822
time:             20070001 index:         224 output:       1449 4294963799       1468 4294963781       1493 4294963762       1514 4294963733
time:             20090001 index:         225 output:       1539 4294963715       1553 4294963695       1581 4294963666       1604 4294963644
time:             20110001 index:         226 output:       1631 4294963619       1655 4294963598       1676 4294963576       1705 4294963547
time:             20130001 index:         227 output:       1726 4294963522       1762 4294963496       1790 4294963469       1815 4294963437
time:             20150001 index:         228 output:       1838 4294963412       1865 4294963385       1893 4294963356       1919 4294963331
time:             20170001 index:         229 output:       1949 4294963300       1975 4294963271       2007 4294963234       2036 4294963210
time:             20190001 index:         230 output:       2071 4294963170       2099 4294963145       2136 4294963113       2165 4294963078
time:             20210001 index:         231 output:       2205 4294963045       2244 4294963006       2274 4294962970       2310 4294962937
time:             20230001 index:         232 output:       2349 4294962902       2388 4294962864       2424 4294962825       2458 4294962786
time:             20250001 index:         233 output:       2501 4294962747       2541 4294962708       2580 4294962655       2632 4294962622
time:             20270001 index:         234 output:       2678 4294962580       2714 4294962533       2766 4294962492       2802 4294962443
time:             20290001 index:         235 output:       2855 4294962390       2902 4294962344       2960 4294962297       3004 4294962246
time:             20310001 index:         236 output:       3064 4294962185       3113 4294962134       3173 4294962077       3228 4294962027
time:             20330001 index:         237 output:       3284 4294961964       3335 4294961906       3400 4294961842       3462 4294961781
time:             20350001 index:         238 output:       3535 4294961718       3600 4294961648       3665 4294961588       3739 4294961509
time:             20370001 index:         239 output:       3810 4294961439       3886 4294961368       3962 4294961288       4044 4294961210
time:             20390001 index:         240 output:       4124 4294961124       4209 4294961043       4293 4294960960       4381 4294960874
time:             20410001 index:         241 output:       4473 4294960780       4565 4294960680       4665 4294960585       4772 4294960485
time:             20430001 index:         242 output:       4876 4294960378       4987 4294960272       5099 4294960166       5227 4294960045
time:             20450001 index:         243 output:       5337 4294959914       5477 4294959799       5619 4294959663       5745 4294959524
time:             20470001 index:         244 output:       5886 4294959371       6023 4294959226       6189 4294959072       6345 4294958906
time:             20490001 index:         245 output:       6502 4294958733       6680 4294958560       6872 4294958362       7065 4294958182
time:             20510001 index:         246 output:       7271 4294957972       7477 4294957761       7702 4294957541       7944 4294957299
time:             20530001 index:         247 output:       8201 4294957036       8485 4294956775       8752 4294956494       9046 4294956202
time:             20550001 index:         248 output:       9377 4294955875       9716 4294955555      10070 4294955185      10431 4294954808
time:             20570001 index:         249 output:      10866 4294954390      11291 4294953954      11771 4294953449      12283 4294952965
time:             20590001 index:         250 output:      12842 4294952410      13435 4294951804      14124 4294951158      14822 4294950409
time:             20610001 index:         251 output:      15642 4294949610      16507 4294948738      17492 4294947771      18578 4294946670
time:             20630001 index:         252 output:      19820 4294945429      21196 4294944067      22793 4294942475      24622 4294940634
time:             20650001 index:         253 output:      26803 4294938483      29254 4294935938      32313 4294932913      36019 4294929184
time:             20670001 index:         254 output:      40705 4294924560      46643 4294918634      54530 4294910727      65717 4294899546
time:             20690001 index:         255 output:      82415 4294882839     110330 4294855072     165922 4294799394     332748 4294632525
